C:\Users\czhao\AppData\Local\Programs\Python\Python36-32\python.exe "C:/Users/czhao/Documents/AI 1/Technica/processdata.py"
39.367213 -76.6488
39.394917 -76.603823
39.294351 -76.58218
39.285986 -76.5816
39.319421 -76.600753
39.268443 -76.469373
39.298251 -76.594089
38.87652 -76.992725
39.257422 -76.644667
39.42762 -76.790329
39.311879 -76.584739
39.291987 -76.536061
39.255045 -76.522876
39.310293 -76.731848
39.236299 -76.602576
39.248911 -76.519643
39.361346 -76.546765
39.325574 -76.676871
39.323246 -76.571277
39.308737 -76.600329
39.345371 -76.671616
39.340164 -76.585006
39.31692 -76.603248
39.277065 -76.73299
39.377945 -76.708122
39.450994 -76.81891
39.237753 -76.508249
39.193672 -76.683984
39.205859 -76.573465
39.35578 -76.688354
39.3031 -76.625421
39.249138 -76.61635
39.298173 -76.448404
38.900203 -77.008878
39.222969 -76.58959
39.288035 -76.710258
39.393374 -76.564008
38.884116 -77.021637
39.294351 -76.58218
39.300744 -76.446183
39.268515 -76.747514
39.257031 -76.533095
39.128922 -76.587998
39.555251 -76.273405
38.981193 -76.528086
38.986941 -76.502365
39.285869 -76.588624
39.264679 -76.489707
39.295383 -76.638642
39.308137 -76.532652
39.150016 -76.637213
39.307189 -76.590303
38.902626 -77.039246
39.322304 -76.679936
39.332218 -76.66108
38.89537 -77.041516
39.349188 -76.537154
39.278913 -76.671498
39.172201 -76.806566
39.601879 -77.732109
39.37194 -76.460491
39.310029 -76.707556
39.327089 -76.46502
39.308111 -76.609082
38.902219 -77.043328
39.307833 -76.64617
39.320816 -76.572205
39.337028 -76.456489
39.347084 -76.599479
39.351215 -76.591026
39.344677 -76.586197
39.310167 -76.446306
39.251342 -76.694637
39.239331 -76.507045
38.876367 -77.000598
39.358934 -76.749578
39.027125 -77.072188
39.333781 -76.663893
39.339949 -76.593971
39.324253 -76.623928
39.299661 -76.625768
39.262086 -76.614544
39.337231 -76.630119
39.446269 -76.813358
39.398084 -76.563491
39.305318 -76.63672
39.397726 -76.603252
39.329266 -76.669349
39.291286 -76.510182
39.357321 -76.670862
39.330077 -76.691149
39.336397 -76.640641
39.254943 -76.63405
39.398084 -76.563491
39.164688 -76.707611
39.39128 -76.741588
39.305683 -76.637146
39.433227 -76.327746
39.364646 -76.72022
39.379939 -76.502535
39.359896 -76.680175
39.269289 -76.517588
39.250255 -76.622183
39.272084 -76.676499
39.432638 -76.796484
39.198976 -76.817066
39.275087 -76.642357
39.345266 -76.558297
39.290537 -76.613594
38.905336 -77.053106
39.318103 -76.65269
39.299641 -76.585079
39.39186 -76.527363
39.221502 -76.889459
39.307805 -76.61611
39.312501 -76.685176
39.3031 -76.625421
39.377302 -76.732669
39.325001 -76.579086
39.346123 -76.687849
39.283995 -76.73039
39.118491 -76.583098
39.26961 -76.684567
39.253446 -76.646547
39.134007 -76.635655
39.394724 -76.576383
39.141532 -77.193339
39.288316 -76.644886
39.366545 -76.596702
39.322768 -76.575663
38.891857 -77.015154
39.394987 -76.523023
39.29352 -76.69074
39.256619 -76.462647
39.330967 -76.561637
39.448595 -76.635531
38.976367 -76.503358
39.377908 -76.726364
39.412722 -77.405447
39.318368 -76.690187
39.54006 -76.324594
39.277551 -76.606243
39.385609 -76.578031
39.391201 -76.627406
39.212198 -76.896262
39.277987 -76.695757
39.010192 -76.912127
39.448051 -76.81556
39.329096 -76.541566
39.299785 -76.629184
39.302048 -76.618836
39.20709 -76.727008
39.31821 -76.60214
39.423116 -76.371176
39.253784 -76.736747
39.360528 -76.590942
39.298759 -76.638624
39.287361 -76.552764
39.485864 -76.315958
39.330972 -76.657441
39.29404 -76.678033
39.366758 -76.609768
39.285662 -76.639468
39.28661 -76.56568
39.153187 -76.615942
39.384613 -76.579697
39.478578 -76.128487
39.458752 -76.258713
39.285765 -76.672016
39.317818 -76.618448
39.284872 -76.713345
39.345054 -76.557925
39.289286 -76.650212
39.290576 -76.590587
39.29239 -76.634273
39.301909 -76.589696
39.282151 -76.571325
39.293317 -76.655647
38.898795 -77.01241
38.876324 -76.99381
39.29484 -76.569779
39.273758 -76.615407
38.976269 -76.50344
39.317836 -76.652812
39.378311 -76.608428
39.423567 -76.80571
39.337846 -76.637027
39.365169 -76.775959
39.338913 -76.609605
39.256475 -76.522535
39.299504 -76.634094
39.313526 -76.565246
39.327077 -76.594703
39.490632 -76.664275
39.337058 -76.625163
39.359754 -76.745568
39.492211 -76.654874
39.295737 -76.684116
39.320697 -76.618621
39.184157 -76.614159
39.296402 -76.612055
39.33796 -76.700302
39.359527 -76.541052
39.315012 -76.572841
39.286263 -76.619375
39.291425 -76.71659
39.27725 -76.554352
39.346273 -76.688364
39.317932 -76.704954
39.295432 -76.640924
39.305148 -76.636603
39.289545 -76.584748
39.372591 -76.80558
39.311949 -77.627027
39.347707 -76.704938
39.310844 -76.675954
39.332602 -76.66298
39.414384 -76.774917
39.345075 -76.692195
39.552761 -76.097123
39.371003 -76.743665
39.029679 -77.133527
39.148204 -76.639133
39.038805 -77.09335
39.118491 -76.583098
39.287361 -76.552764
39.358685 -76.749765
39.251439 -76.647195
39.306725 -76.617724
39.284952 -76.650009
39.234429 -76.64161
39.376263 -76.662649
39.285181 -76.645146
39.336167 -76.549538
39.552761 -76.097123
39.281786 -76.679414
39.281054 -76.719216
39.294053 -76.589458
39.367236 -76.754177
39.371495 -76.720122
39.027071 -77.072234
39.328804 -76.441066
39.30353 -76.542916
39.532965 -76.32271
39.299825 -76.585675
39.258021 -76.664121
39.309077 -76.473755
39.290633 -76.590451
39.314741 -76.664227
39.414287 -76.800392
39.392399 -76.619601
39.396044 -76.611794
39.324882 -76.459456
39.311289 -76.615361
39.148763 -76.799487
39.558089 -76.07318
39.287081 -76.553258
39.333199 -76.753309
38.984582 -76.498706
39.252702 -76.521355
39.28148 -76.694694
39.285403 -76.649992
39.299661 -76.625768
39.366779 -76.65268
39.238737 -76.505626
39.347989 -76.59167
39.366803 -76.676919
39.279602 -76.578279
39.39316 -76.525821
39.31809 -76.690369
39.344718 -76.686132
39.252702 -76.521355
39.29135 -76.619449
39.325741 -76.551431
39.312239 -76.590059
39.12207 -76.772921
39.270003 -76.600124
39.290537 -76.613594
39.362626 -76.675166
39.352094 -76.643116
39.311838 -76.525955
39.322853 -76.658221
39.289253 -76.597117
38.978291 -76.495743
39.140857 -76.603335
39.38997 -76.528825
38.720369 -76.604826
39.293987 -76.621342
39.293687 -76.652275
39.303225 -76.643175
39.281473 -76.64877
39.292087 -76.611252
39.29785 -76.623527
39.383343 -76.57281
39.195547 -76.685941
39.299046 -76.590974
39.291107 -76.719054
39.296878 -76.621473
39.339225 -76.447766
39.325129 -76.657744
39.338484 -76.755935
39.339499 -76.666511
39.296853 -76.744758
39.309113 -76.668984
39.287992 -76.60743
38.989988 -76.493984
39.254943 -76.63405
39.352692 -76.755486
39.299183 -76.603853
39.325361 -76.537503
39.492158 -76.655177
39.350289 -76.609816
39.320746 -76.698988
39.261233 -76.658443
39.340399 -76.683478
39.27698 -76.569586
39.366398 -76.68096
39.324586 -77.730548
39.356595 -76.765949
39.359647 -76.588482
39.282964 -76.672023
39.299504 -76.634094
39.312239 -76.590059
39.360305 -76.651722
39.331739 -76.597426
39.223764 -76.613526
39.344677 -76.586197
39.303988 -76.625774
39.448121 -76.815318
39.174267 -76.802653
39.384333 -76.626786
39.174674 -76.778568
39.473691 -76.308857
39.348007 -76.764881
39.308836 -76.671501
39.325295 -76.65735
39.135561 -76.585276
39.240511 -76.608454
39.317005 -76.651037
39.270736 -76.737848
39.299371 -76.597931
39.373185 -76.458502
39.272984 -76.671095
39.307906 -76.750685
39.316432 -76.67286
39.368107 -76.797463
39.277391 -76.571988
39.351066 -76.682345
39.299015 -76.621599
39.408085 -76.77941
39.29032 -76.624263
39.29274 -76.652271
39.339085 -76.667832
39.294627 -76.656706
39.336199 -76.672242
39.260497 -76.732016
39.325429 -76.712167
39.275402 -76.694323
39.359916 -76.745817
39.308483 -76.573064
39.318726 -76.57716
39.331636 -76.603198
39.396597 -76.567799
39.305917 -76.637635
39.311403 -76.608618
39.319438 -76.6907
39.337467 -76.637091
39.337174 -76.631055
39.290157 -76.613975
39.336843 -76.673072
38.313537 -76.548573
39.402112 -76.599698
39.318669 -76.586969
39.332119 -76.648267
39.352921 -76.643099
39.174757 -76.850878
39.36247 -76.72138
39.268221 -76.650846
39.286581 -76.571602
39.231008 -76.597395
39.336284 -76.675498
39.349388 -76.536604
39.299482 -76.44684
39.299912 -76.738896
39.293665 -76.619606
39.28993 -76.68907
39.325611 -76.561019
39.259838 -76.715255
39.341421 -76.531855
38.902562 -77.034461
39.33796 -76.700302
39.387732 -76.605865
39.283881 -76.649906
38.926364 -77.036471
39.291541 -76.620996
39.387895 -76.613345
39.383372 -76.57225
39.294048 -76.594671
39.396799 -76.74813
39.357938 -76.692714
39.278866 -76.708771
39.377333 -76.730102
39.368312 -76.707233
39.291948 -76.703777
39.129876 -76.593419
39.341085 -76.455393
39.318906 -76.654846
39.377183 -76.505764
39.305151 -76.602294
39.293028 -76.696871
39.558089 -76.07318
39.310167 -76.446306
39.303372 -76.616296
39.327055 -76.626377
39.314055 -76.449392
39.314624 -76.609613
39.249819 -76.623563
39.359539 -76.455082
39.333781 -76.663893
39.403847 -76.7889
39.310764 -76.619295
39.291406 -76.56588
39.105464 -76.834411
39.304372 -76.616022
39.145736 -76.792452
39.288455 -76.641999
39.320395 -76.672887
38.980789 -76.494455
39.356769 -76.528228
39.275441 -76.69397
39.400228 -76.602391
39.285858 -76.668846
39.31821 -76.60214
39.328176 -76.685486
39.259443 -76.697208
39.34918 -76.478028
39.359896 -76.680175
39.291647 -76.708509
39.320395 -76.672887
39.362262 -77.826636
39.285332 -76.603207
39.318462 -76.657625
39.308836 -76.671501
39.45557 -76.824923
39.367614 -76.450199
39.257477 -76.673362
39.285888 -76.584456
39.301425 -76.623155
39.313022 -76.599732
39.278382 -76.576519
39.328287 -76.617578
39.382227 -76.571027
39.287332 -76.627704
39.209542 -77.382234
39.216449 -76.821379
39.392973 -76.582278
39.341407 -76.621503
39.294152 -76.590415
39.35912 -76.681929
39.292876 -76.622226
39.294845 -76.705185
39.318584 -76.703689
39.177735 -76.800303
39.423567 -76.80571
38.876613 -77.00561
39.00311 -76.958798
39.356769 -76.528228
39.282612 -76.571199
39.372075 -76.678606
39.29597 -76.619751
39.281811 -76.684467
39.405086 -76.598205
39.366646 -76.572505
39.38313 -76.578407
39.492158 -76.655177
39.286539 -76.571312
39.282672 -76.644509
39.302668 -76.685269
39.383696 -76.657344
39.291085 -76.605431
39.387732 -76.605865
39.291221 -76.610525
39.277651 -76.572193
39.272088 -76.547112
39.335331 -76.684494
39.298638 -76.628584
39.238219 -76.608822
39.289173 -76.593975
39.309434 -76.641841
39.062044 -76.884971
39.296878 -76.621473
39.310844 -76.675954
39.283995 -76.73039
39.496233 -76.654095
39.355505 -76.58985
39.313062 -76.645941
39.301721 -76.585219
39.300842 -76.617646
39.35475 -76.463178
39.286728 -76.649907
39.002365 -76.481958
39.260888 -76.638952
39.302732 -76.68671
39.352041 -76.598524
39.284872 -76.713345
39.35712 -76.46962
39.29785 -76.623527
39.345584 -76.59951
39.23935 -76.646434
39.223764 -76.613526
39.335311 -76.564056
39.372859 -76.671617
39.257372 -76.519096
39.273078 -76.727077
39.265927 -76.584132
39.341256 -76.554909
39.277244 -76.612453
39.319896 -76.575811
39.340108 -76.584829
39.271242 -76.47136
39.287568 -76.659168
39.340103 -76.619986
39.331049 -76.632351
39.272577 -76.613885
39.231229 -76.597477
39.367678 -76.634363
39.177583 -76.821762
39.216131 -76.676564
39.057118 -76.528422
39.364095 -76.593729
39.205527 -76.84671
38.895056 -77.028261
39.353703 -76.531738
39.513688 -76.329271
39.294224 -76.67314
38.979992 -76.5234
39.268443 -76.469373
39.308388 -76.476123
39.294048 -76.594671
39.356329 -76.596025
39.260888 -76.638952
39.531649 -76.329231
39.298025 -76.601551
38.892168 -77.025794
39.309779 -76.646838
39.279072 -76.729619
39.289937 -76.62786
39.317148 -76.650874
39.373742 -76.662337
39.293892 -76.647063
39.422083 -76.617287
39.361237 -76.602262
39.29811 -76.599748
39.286811 -76.628306
39.181234 -76.668364
39.244744 -76.640952
39.289612 -76.623778
39.289653 -76.549552
39.296007 -76.740631
39.443875 -76.810443
39.293031 -76.624002
39.327953 -76.533616
39.369872 -76.583597
39.333443 -76.635807
39.39128 -76.741588
39.225654 -76.613339
39.385841 -76.532346
39.294696 -76.573227
39.413378 -76.80233
39.303283 -76.542779
39.309115 -76.664061
39.287514 -76.627969
39.285678 -76.602984
39.181555 -76.549009
39.30353 -76.542916
39.321758 -76.732449
39.296411 -76.617047
39.356489 -76.466991
39.312451 -76.566529
39.333941 -76.632757
39.371682 -76.685584
39.31089 -76.675918
39.222969 -76.58959
39.31269 -76.526631
39.424652 -76.786651
39.278944 -76.534392
